9464.156017372783
9753.86093719082
9265.244965192529
9607.819854318323
9307.02843380402
9552.117291527304
9791.8231316705
9440.30671697043
9777.79725592899
9135.039026813163
8902.5744601979
9886.649231620573
9807.76294364835
9752.09505438588
9662.753167023951
9688.85976249969
9611.888252029004
9678.880021067751
8672.83560814585
8720.711006685535
9603.274277445444
9672.624914076063
9551.048947286301
9871.56895030154
9803.57800036818
9485.347954624434
9875.479542569456
9476.473941829596
9434.221680160339
9530.91922112211
10066.207636263545
10295.793921549639
9866.74166118722
9926.53628917024
9952.517340748635
9408.919564113125
8841.658227595703
9584.65452012718
9505.93394482721
9711.09609577907
9323.98084387759
9697.35909760422
9897.698131317668
9816.8248147064
9656.77810577476
9443.21791691313
8995.168877563656
9786.407499747356
9365.731044196446
9356.670137095625
9467.79449903582
9590.289528893949
9552.731753629545
9576.685609815035
9735.681474329282
9644.134777761154
9566.339459137414
9894.766365946247
9595.768583910067
9687.464951104204
